BotName Jack
Time LocX LocY LocZ Health
1564 2121.09,-1113.75,-79.15 100
1565 2121.09,-1113.75,-79.15 100
1624 2128.19,-1135.3,-79.15 100
1686 2130.81,-1157.88,-79.15 100
1733 2131.05,-1180.63,-79.15 100
1782 2132.71,-1203.67,-79.15 100
1826 2140.19,-1223.84,-79.15 100
1882 2144.12,-1233.57,-79.15 100
1925 2145.62,-1237.3,-79.15 100
1970 2146.22,-1238.79,-79.15 100
2023 2146.42,-1239.26,-79.15 100
2063 2146.42,-1239.26,-79.15 100
2114 2146.42,-1239.26,-79.15 100
2167 2146.42,-1239.26,-79.15 100
2217 2146.42,-1239.26,-79.15 100
2259 2146.42,-1239.26,-79.15 100
2309 2146.42,-1239.26,-79.15 100
2365 2146.42,-1239.26,-79.15 100
2414 2146.42,-1239.26,-79.15 100
2465 2146.42,-1239.26,-79.15 100
2516 2146.42,-1239.26,-79.15 100
2566 2146.42,-1239.26,-79.15 100
2614 2146.42,-1239.26,-79.15 100
2666 2146.42,-1239.26,-79.15 100
2720 2146.42,-1239.26,-79.15 100
2766 2146.42,-1239.26,-79.15 100
2816 2146.42,-1239.26,-79.15 100
2865 2146.42,-1239.26,-79.15 100
2916 2146.42,-1239.26,-79.15 100
2973 2146.42,-1239.26,-79.15 100
3017 2146.42,-1239.26,-79.15 100
3065 2146.42,-1239.26,-79.15 100
3115 2146.42,-1239.26,-79.15 100
3164 2146.42,-1239.26,-79.15 100
3215 2146.42,-1239.26,-79.15 100
3257 2146.42,-1239.26,-79.15 100
3311 2146.42,-1239.26,-79.15 100
3361 2146.42,-1239.26,-79.15 100
3414 2146.42,-1239.26,-79.15 100
3463 2146.42,-1239.26,-79.15 100
3509 2147.85,-1235.23,-79.15 100
3575 2150.93,-1226.03,-79.15 100
3606 2155.55,-1212.01,-79.15 100
3662 2159.37,-1192.21,-79.15 100
3721 2156.46,-1169.71,-79.15 100
3762 2147.01,-1148.79,-79.15 100
3811 2130.94,-1132.75,-79.15 100
3856 2112.61,-1118.48,-79.15 100
3911 2085.07,-1097.92,-79.15 100
3954 2067.12,-1084.0,-79.15 100
4006 2060.41,-1075.11,-79.15 100
4055 2049.54,-1051.49,-79.15 100
4099 2051.69,-1026.01,-79.15 100
4155 2059.37,-1004.11,-79.15 100
4201 2069.73,-983.32,-79.15 100
4249 2081.58,-963.34,-79.15 100
4298 2101.06,-935.04,-79.15 100
4354 2115.35,-917.35,-79.15 100
4406 2130.62,-900.49,-77.0 100
4457 2147.7,-884.76,-69.48 100
4503 2160.75,-867.7,-65.3 100
4557 2162.34,-845.4,-64.79 100
4598 2162.5,-822.3,-64.74 100
4653 2162.5,-799.64,-64.74 100
4705 2162.5,-776.49,-64.74 100
4753 2162.5,-753.36,-64.74 100
4797 2162.5,-730.74,-64.74 100
4846 2162.5,-707.63,-64.74 100
4895 2162.5,-673.94,-64.74 100
4947 2162.5,-650.83,-64.74 100
4993 2158.85,-628.85,-65.91 100
5042 2143.88,-610.81,-70.7 100
5088 2124.85,-597.53,-79.1 100
5139 2104.65,-587.09,-79.1 100
5191 2083.79,-578.0,-79.1 100
5241 2062.0,-570.06,-79.1 100
5291 2039.27,-569.76,-74.7 100
5336 2016.07,-570.91,-58.73 100
5383 1993.4,-572.84,-45.66 100
5437 1970.33,-575.59,-34.94 100
5485 1947.35,-579.09,-26.86 100
5541 1924.97,-583.18,-21.52 100
5592 1900.34,-588.44,-18.57 100
5632 1877.76,-593.94,-18.61 100
5693 1843.9,-602.26,-23.63 100
5743 1820.98,-606.15,-30.28 100
5788 1797.82,-608.29,-39.59 100
5846 1774.57,-608.76,-51.54 100
5887 1751.52,-607.34,-66.14 91
5941 1728.91,-603.51,-83.07 91
5986 1718.24,-596.02,-79.15 91
6037 1719.71,-585.36,-79.15 91
6091 1733.5,-567.15,-79.15 91
6139 1749.77,-551.83,-79.15 91
6187 1767.14,-537.15,-79.15 91
6237 1782.13,-519.65,-79.15 91
6279 1791.5,-498.93,-79.15 91
6335 1798.8,-476.88,-79.15 91
6378 1804.96,-454.99,-79.15 91
6434 1810.87,-432.52,-79.15 91
6485 1817.21,-410.7,-79.15 91
6541 1830.57,-392.35,-79.15 91
6578 1847.92,-376.93,-79.15 91
6623 1875.74,-358.5,-79.15 91
6672 1896.13,-347.37,-79.15 91
6724 1917.05,-337.27,-79.15 91
6772 1938.34,-327.97,-79.15 91
6825 1959.89,-319.3,-79.15 91
6872 1981.15,-311.19,-79.15 91
6922 2004.27,-310.14,-79.15 91
6975 2026.97,-314.99,-79.15 91
7024 2048.39,-322.63,-79.15 91
7070 2070.13,-332.11,-79.15 91
7124 2090.6,-342.01,-79.15 91
7170 2099.94,-352.01,-79.15 91
7221 2093.72,-358.09,-79.15 91
7273 2081.57,-364.08,-79.15 91
7321 2063.33,-370.7,-79.15 91
7372 2041.61,-377.47,-79.15 91
7425 2019.27,-383.85,-79.15 91
7469 1996.84,-389.89,-79.15 91
7519 1974.99,-396.15,-79.15 91
7569 1956.18,-409.68,-79.15 91
7622 1940.77,-426.4,-79.15 91
7673 1926.86,-445.0,-79.15 91
7725 1913.9,-464.28,-79.15 91
7776 1901.44,-483.89,-79.15 91
7819 1890.02,-503.53,-79.15 91
7874 1886.15,-537.49,-79.15 91
7920 1888.84,-560.56,-79.15 91
7968 1893.57,-583.3,-79.15 91
8021 1899.29,-605.32,-79.15 91
8071 1905.74,-627.64,-79.15 91
8120 1918.5,-646.38,-79.15 91
8168 1935.23,-662.48,-79.15 91
8218 1948.01,-681.86,-79.15 91
8267 1957.92,-702.86,-79.15 91
8313 1966.05,-724.1,-79.15 91
8361 1973.06,-745.74,-79.15 91
8412 1978.85,-768.24,-79.15 91
8470 1983.47,-791.0,-79.15 91
8511 1983.3,-814.01,-79.15 91
8566 1980.55,-836.54,-79.15 91
8612 1981.41,-859.75,-79.15 91
8659 1984.02,-882.35,-79.15 100
8713 1987.78,-905.27,-79.15 100
8758 1992.4,-928.04,-79.15 100
8807 1997.31,-950.32,-70.85 100
8862 2002.46,-973.48,-55.49 100
8907 2007.53,-996.16,-43.02 100
8955 2012.74,-1019.31,-32.9 100
9008 2017.36,-1042.59,-25.44 100
9067 2022.59,-1077.31,-19.24 100
9111 2025.22,-1100.9,-18.34 100
9161 2026.34,-1124.12,-20.02 100
9209 2026.04,-1147.87,-24.36 100
9265 2024.34,-1171.56,-31.35 100
9309 2021.4,-1194.64,-40.76 100
9357 2017.4,-1218.06,-52.99 100
9410 2013.58,-1241.01,-67.53 100
9463 2009.82,-1264.42,-81.04 100
9510 2002.63,-1286.48,-79.15 100
9561 1986.39,-1316.74,-79.15 100
9611 1977.94,-1337.68,-79.15 100
9660 1976.08,-1360.81,-79.15 100
9709 1977.91,-1383.47,-79.15 100
9760 1981.98,-1405.84,-79.15 100
9808 1987.28,-1428.46,-79.15 100
9856 1993.02,-1450.47,-79.15 100
9908 1999.03,-1472.91,-79.15 100
9961 1998.18,-1495.57,-79.15 100
10007 1991.8,-1517.89,-79.15 100
10055 1980.47,-1550.19,-79.15 100
10109 1979.82,-1572.9,-79.15 100
10156 1982.61,-1595.96,-79.15 100
10204 1987.16,-1618.24,-79.15 100
10259 1993.93,-1639.94,-79.15 100
10307 2005.73,-1659.88,-79.15 100
10356 2023.24,-1674.24,-79.15 100
10409 2044.56,-1683.47,-79.15 100
10456 2065.13,-1693.19,-79.15 100
10506 2088.02,-1696.72,-77.0 100
10553 2110.69,-1695.06,-79.1 100
10601 2144.33,-1688.13,-70.32 100
10651 2166.61,-1681.57,-64.1 100
10699 2186.93,-1671.8,-64.1 100
10750 2198.03,-1649.81,-64.1 100
10798 2200.07,-1627.19,-64.1 100
10847 2205.03,-1604.52,-64.1 100
10898 2212.97,-1583.22,-64.1 100
10953 2224.83,-1563.45,-64.1 100
10999 2243.14,-1549.22,-64.1 100
11052 2263.37,-1538.85,-64.1 100
11103 2288.44,-1528.56,-64.1 100
11151 2308.22,-1516.75,-64.1 100
11202 2325.21,-1501.64,-64.1 100
11250 2342.19,-1485.78,-66.89 100
11299 2359.55,-1471.27,-36.03 100
11345 2378.94,-1458.67,-37.3 100
11395 2399.25,-1446.51,-41.21 100
11445 2419.53,-1435.28,-47.62 100
11502 2440.52,-1424.31,-56.78 100
11545 2471.04,-1407.15,-75.18 100
11593 2490.44,-1394.87,-78.15 100
11641 2508.5,-1381.14,-78.15 100
11688 2525.74,-1365.58,-78.15 100
11739 2545.46,-1354.37,-78.15 100
11794 2568.0,-1348.95,-78.15 100
11850 2589.94,-1343.27,-78.15 100
11897 2610.41,-1333.35,-78.15 100
11946 2630.45,-1321.6,-78.15 100
11999 2650.08,-1310.11,-78.15 100
12047 2682.05,-1298.01,-78.15 100
12095 2705.23,-1298.02,-78.15 100
12142 2727.53,-1302.43,-78.15 100
12189 2749.83,-1308.97,-78.15 100
12256 2771.79,-1314.72,-78.15 100
12295 2794.5,-1310.3,-78.15 100
12337 2814.76,-1300.03,-78.15 100
12388 2832.8,-1286.21,-78.15 100
12434 2848.26,-1269.54,-78.15 100
12482 2862.25,-1251.61,-74.86 100
12532 2872.2,-1238.2,-67.82 100
12586 2867.29,-1227.09,-67.83 100
12634 2855.21,-1224.49,-67.83 100
12685 2837.88,-1224.19,-68.87 100
12734 2816.63,-1228.57,-72.68 100
12782 2796.05,-1238.24,-78.1 100
12832 2775.93,-1249.86,-78.1 100
12885 2756.7,-1262.0,-78.1 100
12932 2737.62,-1275.22,-78.1 100
12977 2724.31,-1294.2,-78.1 100
13029 2714.77,-1314.84,-78.1 100
13082 2707.06,-1336.75,-78.1 100
13128 2700.73,-1358.6,-78.1 100
13177 2683.96,-1388.15,-78.1 100
13229 2667.43,-1404.4,-78.1 100
13281 2646.27,-1412.55,-78.1 100
13323 2623.26,-1415.55,-78.1 100
13372 2601.55,-1409.16,-78.1 100
13425 2582.16,-1397.29,-78.1 100
13476 2560.45,-1389.06,-78.1 100
13527 2538.28,-1384.18,-78.1 100
13571 2515.58,-1388.74,-78.1 100
13623 2494.87,-1398.12,-78.1 100
13671 2474.29,-1408.88,-78.1 100
13722 2441.69,-1419.55,-78.1 100
13771 2419.28,-1423.39,-78.1 100
13822 2396.75,-1428.57,-78.1 100
13871 2377.15,-1440.03,-78.1 100
13925 2359.86,-1454.05,-77.15 100
13972 2343.21,-1469.55,-72.08 100
14025 2326.47,-1485.65,-66.93 100
14072 2309.46,-1500.77,-64.1 100
14122 2291.76,-1515.8,-64.1 100
14172 2274.5,-1530.62,-64.1 100
14220 2249.69,-1554.39,-64.1 100
14268 2233.6,-1571.15,-64.1 100
14321 2218.11,-1587.81,-64.1 100
14367 2202.4,-1604.92,-64.1 100
14424 2186.99,-1621.66,-64.1 100
14466 2171.65,-1638.45,-64.1 100
14515 2156.27,-1655.87,-66.34 100
14568 2141.95,-1673.54,-71.12 100
14615 2128.7,-1692.02,-75.53 100
14667 2116.39,-1711.15,-75.15 100
14713 2104.91,-1730.79,-75.15 100
14764 2089.04,-1760.72,-75.15 100
14813 2079.02,-1781.68,-75.15 100
14864 2069.97,-1802.55,-78.01 100
14913 2061.52,-1824.19,-78.1 100
14964 2054.29,-1845.76,-78.1 100
15012 2048.09,-1867.64,-78.1 100
15062 2042.98,-1890.3,-78.1 100
15110 2039.14,-1912.72,-78.1 100
15161 2036.56,-1935.81,-78.1 100
15215 2035.26,-1958.52,-78.1 100
15259 2035.02,-1981.75,-78.1 100
15311 2036.67,-2016.07,-78.1 100
15358 2038.99,-2038.69,-78.1 100
15409 2042.41,-2061.67,-78.1 100
15461 2046.83,-2083.98,-78.1 100
15507 2052.44,-2106.03,-78.1 100
15562 2059.07,-2128.29,-78.1 100
15609 2065.41,-2150.14,-78.1 100
15666 2070.1,-2172.38,-78.1 100
15720 2071.89,-2195.05,-78.1 100
15759 2072.84,-2211.37,-78.1 100
15802 2075.94,-2211.1,-78.1 100
15855 2081.63,-2205.22,-78.1 100
15902 2089.74,-2194.47,-78.1 100
15949 2100.99,-2178.66,-78.1 100
16000 2113.97,-2160.0,-78.1 100
16048 2120.48,-2138.24,-73.68 100
16099 2123.63,-2115.23,-78.1 100
16150 2125.24,-2092.54,-78.1 100
16200 2126.15,-2072.75,-78.1 100
16247 2121.14,-2067.49,-78.1 100
16302 2105.6,-2072.07,-78.1 100
16348 2090.65,-2081.31,-78.1 100
16397 2072.84,-2094.24,-78.1 100
16448 2055.03,-2109.15,-78.1 100
16496 2040.23,-2126.07,-78.1 100
16553 2037.06,-2144.79,-78.1 100
16594 2044.94,-2151.29,-78.1 100
16644 2055.65,-2148.84,-78.1 100
16694 2068.82,-2139.82,-78.1 100
16749 2083.97,-2125.46,-78.1 100
16793 2105.71,-2098.89,-78.1 100
16842 2117.54,-2078.9,-78.1 100
16892 2126.39,-2057.97,-78.1 100
16941 2125.6,-2034.91,-78.1 100
16991 2116.13,-2014.31,-78.1 100
17040 2102.39,-1996.2,-78.1 100
17097 2086.54,-1979.22,-78.1 100
17153 2070.72,-1962.9,-78.1 100
17197 2060.75,-1941.97,-78.1 100
17244 2055.17,-1919.94,-78.1 100
17296 2051.98,-1896.93,-78.1 100
17345 2049.97,-1874.27,-78.1 100
17393 2047.71,-1839.98,-78.1 100
17443 2046.45,-1817.27,-78.1 100
17492 2045.31,-1794.07,-78.1 100
17538 2044.25,-1771.34,-75.15 100
17587 2043.21,-1748.62,-75.15 100
17640 2042.1,-1725.41,-75.15 100
17693 2040.99,-1702.69,-75.15 100
17738 2039.85,-1679.49,-79.1 100
17788 2038.72,-1656.77,-79.1 100
17837 2037.61,-1633.56,-79.1 100
17888 2037.0,-1610.83,-79.1 100
17943 2038.77,-1576.51,-66.71 100
17995 2041.12,-1553.4,-52.02 100
18037 2044.3,-1530.87,-40.19 100
18086 2047.51,-1508.34,-30.91 100
18135 2050.8,-1485.34,-24.05 100
18182 2054.14,-1462.83,-19.9 100
18233 2057.73,-1440.36,-18.28 100
18282 2061.65,-1417.95,-19.21 100
18329 2065.65,-1395.55,-22.67 100
18382 2069.12,-1372.58,-28.83 100
18435 2071.94,-1338.32,-42.8 100
18483 2073.03,-1315.58,-55.23 100
18531 2073.76,-1292.35,-70.55 100
18588 2074.02,-1269.59,-79.15 100
18629 2072.6,-1246.89,-79.15 100
18681 2070.28,-1223.77,-79.15 100
18725 2066.92,-1201.28,-79.15 100
18781 2060.5,-1178.97,-79.15 100
18836 2045.81,-1147.94,-79.15 100
18884 2034.46,-1128.22,-79.15 100
18932 2022.31,-1108.42,-79.15 100
18984 2010.17,-1089.18,-79.15 100
19045 1997.68,-1069.59,-79.15 100
19093 1985.42,-1050.43,-79.15 100
19140 1973.18,-1031.26,-79.15 100
19192 1960.72,-1011.65,-79.15 100
19235 1948.51,-992.46,-79.15 100
19288 1935.73,-973.06,-79.15 100
19338 1921.8,-955.09,-79.15 100
19390 1911.13,-934.48,-79.15 100
19432 1903.62,-913.02,-79.15 100
19485 1894.53,-879.88,-73.94 100
19526 1888.42,-857.46,-71.91 100
19583 1881.96,-835.66,-70.87 100
19631 1875.09,-813.97,-75.8 100
19683 1867.84,-791.9,-79.1 100
19734 1860.61,-770.33,-79.1 100
19781 1853.11,-748.34,-79.1 100
19831 1845.71,-726.83,-79.1 100
19880 1838.28,-705.33,-79.1 100
19926 1830.68,-683.38,-79.1 100
19978 1823.37,-661.84,-79.1 100
20022 1817.25,-639.94,-79.1 100
20075 1804.84,-607.9,-79.1 100
20122 1796.47,-586.78,-79.1 100
20177 1788.2,-565.6,-79.1 100
20232 1783.36,-542.9,-79.1 100
20279 1781.23,-520.25,-79.1 100
20324 1780.55,-497.03,-79.1 100
20372 1781.72,-474.33,-79.1 100
20420 1781.81,-451.16,-79.1 100
20474 1779.93,-428.49,-76.95 100
20524 1782.55,-394.32,-64.22 100
20569 1790.57,-372.58,-64.22 100
20624 1803.33,-353.76,-64.22 100
20673 1810.99,-332.44,-64.22 100
20722 1810.43,-309.78,-64.22 100
20776 1798.55,-290.58,-64.22 100
20824 1780.46,-278.37,-74.21 100
20871 1765.0,-281.77,-80.6 100
20928 1761.02,-292.24,-77.1 100
20979 1764.49,-306.53,-67.6 100
21020 1778.77,-334.1,-64.24 100
21076 1788.9,-354.46,-64.24 100
21119 1797.36,-376.09,-64.24 100
21170 1803.57,-397.31,-71.99 100
21226 1796.38,-414.39,-75.24 100
21278 1779.87,-428.93,-74.62 100
21318 1759.97,-439.78,-71.69 100
21366 1736.85,-440.84,-69.01 100
21425 1714.68,-435.87,-67.42 100
21470 1693.55,-426.29,-64.35 100
21524 1674.93,-413.26,-64.1 100
21569 1670.68,-396.86,-64.1 100
21629 1670.24,-395.07,-64.1 100
21674 1670.22,-395.03,-64.1 100
21710 1670.22,-395.02,-64.1 100
21766 1670.22,-395.02,-64.1 100
21809 1670.22,-395.02,-64.1 100
21867 1670.22,-395.02,-64.1 100
21910 1670.22,-395.99,-64.1 100
21966 1670.22,-400.68,-64.1 100
22009 1670.22,-408.6,-64.1 100
22058 1670.16,-419.61,-64.1 100
22112 1665.63,-442.34,-30.1 100
22158 1657.89,-462.16,-48.04 100
22210 1649.79,-483.1,-50.61 100
22255 1641.13,-504.4,-55.71 100
22310 1631.45,-525.78,-63.55 100
22363 1621.23,-546.37,-73.79 100
22414 1608.73,-565.82,-79.42 100
22461 1589.01,-576.99,-78.15 100
22510 1566.53,-582.74,-78.15 100
22557 1543.95,-585.41,-78.15 100
22604 1509.62,-586.88,-78.15 100
22661 1486.39,-587.16,-78.15 100
22706 1463.64,-587.11,-78.15 100
22760 1440.89,-586.79,-78.15 100
22808 1417.67,-587.16,-78.15 100
22855 1395.33,-591.24,-78.15 100
22900 1374.11,-600.65,-78.15 100
22959 1352.34,-607.25,-78.15 100
22998 1330.15,-612.25,-78.15 100
23055 1308.0,-617.39,-78.15 100
23103 1285.73,-621.46,-78.15 100
23144 1263.08,-619.47,-78.15 100
23201 1230.85,-607.68,-78.15 100
23254 1221.04,-590.32,-78.15 100
23301 1225.63,-574.43,-78.15 100
23349 1239.44,-559.94,-78.15 100
23399 1258.29,-547.24,-78.15 100
23445 1278.83,-536.39,-78.15 100
23494 1299.52,-526.93,-78.15 100
23542 1321.46,-519.34,-78.15 100
23589 1344.02,-518.6,-78.15 100
23652 1363.96,-527.15,-78.15 100
23690 1373.61,-531.82,-78.15 100
23740 1373.61,-537.48,-78.15 100
23790 1367.56,-545.88,-78.15 100
23841 1359.44,-554.71,-78.15 100
23888 1357.14,-560.17,-78.15 100
23936 1360.6,-569.05,-78.15 100
23987 1367.99,-581.95,-78.15 100
24035 1374.6,-593.22,-78.15 100
24082 1375.38,-593.32,-78.15 100
24133 1374.2,-587.41,-78.15 100
24185 1372.31,-567.94,-78.15 100
24235 1365.48,-550.23,-78.15 100
24286 1354.27,-530.02,-78.15 100
24335 1343.08,-510.21,-78.15 100
24383 1331.71,-489.95,-78.15 100
24430 1320.66,-470.07,-78.15 100
24484 1309.66,-450.16,-72.19 100
24531 1298.56,-440.15,-68.4 100
24582 1285.56,-437.26,-65.85 100
24630 1266.66,-432.01,-67.82 100
24686 1244.88,-425.45,-67.82 100
24737 1211.12,-421.76,-77.27 100
24786 1188.11,-424.96,-65.38 100
24834 1165.66,-428.65,-51.02 100
24883 1142.83,-432.96,-38.97 100
24931 1120.57,-437.67,-29.74 100
24980 1098.41,-442.83,-23.05 100
25026 1075.89,-448.53,-18.83 100
25079 1053.94,-454.52,-17.27 100
25124 1032.1,-460.91,-18.25 100
25175 1010.36,-467.63,-21.77 100
25225 987.97,-473.84,-27.99 100
25278 965.31,-479.03,-36.85 100
25323 931.37,-484.44,-54.82 100
25374 911.52,-485.83,-68.88 100
25423 890.69,-476.84,-38.84 100
25472 877.55,-459.6,-41.23 100
25522 860.77,-444.24,-44.23 100
25570 852.59,-427.5,-49.91 100
25624 853.51,-409.41,-49.44 100
25685 858.01,-386.97,-51.56 100
25721 863.93,-365.01,-59.16 100
25774 870.7,-351.61,-60.18 100
25826 877.21,-350.27,-59.44 100
25874 882.83,-345.25,-49.91 100
25919 885.51,-344.91,-51.33 100
25970 887.19,-344.91,-51.85 100
26020 888.03,-344.91,-52.49 100
26069 889.33,-343.92,-54.05 100
26117 891.53,-343.92,-55.32 100
26173 894.11,-343.53,-59.13 100
26220 898.04,-341.73,-65.64 100
26270 903.21,-338.56,-74.58 100
26317 910.04,-333.74,-78.15 100
26369 929.81,-324.26,-78.15 100
26416 950.52,-320.45,-78.15 100
26468 972.43,-314.12,-78.15 100
26515 986.71,-297.17,-78.15 100
26565 996.91,-276.85,-78.15 105
26616 1006.58,-255.73,-78.15 105
26666 1014.47,-234.5,-78.15 105
26715 1016.26,-211.36,-78.15 105
26763 1015.95,-188.61,-78.15 105
26809 1015.9,-165.38,-78.15 105
26860 1016.59,-142.64,-78.15 105
26912 1017.92,-119.94,-78.15 110
26962 1019.63,-96.77,-78.15 110
27011 1017.85,-81.84,-78.15 110
27062 1011.13,-82.48,-78.15 110
27109 1005.82,-90.57,-78.15 110
27156 1001.92,-104.64,-78.15 110
27207 999.1,-124.37,-78.15 110
27255 997.63,-147.55,-78.15 110
27306 997.47,-170.3,-78.15 110
27362 1000.96,-193.09,-78.15 110
27409 1012.11,-212.86,-78.15 110
27459 1026.81,-230.2,-78.15 110
27506 1043.53,-246.33,-78.15 110
27555 1069.68,-268.62,-78.15 110
27610 1087.56,-282.68,-78.15 110
27659 1106.16,-296.6,-78.15 110
27721 1115.55,-303.45,-78.15 110
27761 1140.64,-321.6,-78.15 110
27812 1154.27,-331.52,-70.3 110
27862 1159.5,-335.32,-68.46 110
27909 1158.65,-343.06,-71.19 110
27960 1154.48,-353.9,-72.83 110
28010 1153.31,-370.32,-75.47 110
28055 1154.3,-391.88,-78.1 110
28109 1155.85,-415.04,-78.1 110
28154 1150.19,-437.02,-78.1 110
28206 1140.59,-457.64,-78.1 110
28259 1131.37,-478.83,-78.1 110
28305 1128.65,-501.39,-78.1 110
28356 1136.11,-523.25,-78.1 110
28413 1158.07,-549.52,-78.1 110
28458 1175.58,-562.84,-78.1 110
28507 1193.37,-561.33,-78.1 110
28560 1210.26,-550.34,-78.1 110
28611 1226.24,-533.5,-78.1 110
28657 1239.82,-515.26,-78.1 110
28707 1252.57,-496.44,-78.1 110
28755 1271.47,-484.48,-78.1 110
28810 1293.93,-483.6,-78.1 110
28855 1316.46,-489.14,-78.1 110
28905 1335.53,-500.92,-78.1 110
28951 1345.96,-530.89,-78.1 110
28999 1341.39,-553.63,-78.1 110
29051 1333.03,-574.77,-78.1 110
29103 1322.59,-595.52,-78.1 110
29150 1311.53,-615.4,-78.1 110
29202 1300.05,-635.04,-78.1 110
29248 1288.42,-654.59,-78.1 110
29298 1276.74,-674.11,-78.1 110
29348 1269.79,-685.73,-78.1 110
29398 1269.95,-685.42,-78.1 110
29447 1275.76,-675.64,-78.1 110
29497 1283.11,-663.27,-78.1 110
29544 1293.53,-645.76,-78.1 110
29594 1305.17,-626.21,-78.1 110
29646 1317.05,-606.24,-78.1 110
29697 1328.66,-586.68,-78.1 110
29752 1343.37,-569.58,-78.1 110
29796 1361.61,-555.26,-78.1 96
29855 1374.09,-547.19,-78.1 96
29904 1374.12,-552.27,-78.1 96
29951 1370.46,-562.17,-78.1 96
29997 1363.83,-576.5,-78.1 96
30046 1349.75,-590.66,-78.1 96
30097 1330.57,-602.87,-78.1 96
30145 1310.79,-612.85,-78.1 96
30196 1291.37,-609.59,-78.1 96
30245 1271.99,-598.3,-78.1 96
30299 1254.6,-583.65,-78.1 96
30346 1238.16,-567.24,-78.1 96
30394 1215.26,-541.62,-58.03 96
30445 1201.34,-523.62,-44.91 96
30491 1188.1,-504.52,-34.13 96
30537 1175.96,-485.27,-26.15 96
30593 1164.37,-465.12,-20.61 96
30640 1153.78,-444.97,-17.75 96
30691 1143.77,-423.98,-17.46 96
30756 1134.86,-403.03,-19.73 96
30795 1126.84,-381.71,-24.55 96
30850 1119.73,-359.56,-32.09 96
30898 1111.35,-326.19,-48.1 96
30942 1107.05,-303.32,-62.2 96
30996 1105.31,-291.82,-70.25 96
31045 1105.61,-257.28,-78.15 96
31095 1114.81,-236.0,-78.15 96
31142 1128.13,-217.59,-78.15 96
31188 1143.9,-200.54,-78.15 96
31240 1159.77,-184.27,-78.15 96
31286 1169.78,-163.89,-78.15 96
31335 1176.06,-141.53,-78.15 96
31387 1179.97,-119.16,-67.57 96
31434 1173.26,-98.87,-68.99 96
31486 1156.3,-84.58,-78.1 96
31533 1135.28,-74.99,-78.1 96
31585 1101.56,-79.56,-78.1 96
31632 1081.05,-89.35,-78.1 96
31679 1061.8,-102.34,-78.1 96
31732 1044.47,-117.06,-78.1 96
31783 1028.75,-133.49,-78.1 96
31832 1014.04,-151.47,-78.1 96
31882 1000.68,-169.88,-78.1 96
31929 991.66,-191.02,-78.1 96
31981 990.39,-213.7,-78.1 96
32029 993.1,-236.76,-78.1 96
32079 997.76,-259.02,-78.1 96
32130 1003.77,-280.96,-78.1 96
32181 1010.89,-303.08,-78.1 96
32228 1018.61,-324.47,-78.1 96
32275 1030.01,-353.24,-78.1 96
32322 1033.93,-359.11,-78.1 96
32374 1038.72,-355.68,-78.1 81
32422 1043.98,-346.32,-78.1 81
32474 1050.23,-331.01,-78.1 81
32539 1056.15,-314.86,-78.1 81
32580 1057.76,-310.49,-78.1 66
32627 1056.27,-313.72,-78.1 66
32684 1054.36,-317.94,-78.1 66
32734 1055.38,-315.76,-78.1 66
32784 1058.68,-308.62,-78.1 66
32820 1064.47,-296.19,-78.1 66
32877 1072.98,-279.3,-78.1 66
32924 1084.54,-259.15,-78.1 66
32965 1096.77,-239.39,-78.1 66
33018 1104.14,-206.01,-78.1 66
33068 1104.44,-182.79,-78.1 66
33117 1103.59,-160.05,-78.1 66
33163 1095.93,-138.96,-78.1 66
33215 1080.78,-129.04,-78.1 66
33262 1063.65,-132.03,-78.1 66
33316 1044.54,-142.9,-78.1 66
33366 1026.77,-157.08,-78.1 66
33419 1010.14,-172.61,-78.1 66
33464 994.18,-188.82,-78.1 66
33512 978.65,-205.44,-78.1 66
33569 963.34,-222.26,-78.1 66
33615 948.03,-239.73,-78.1 66
33669 950.16,-254.36,-78.1 66
33713 960.48,-256.92,-78.1 66
33772 972.9,-251.17,-78.1 66
33811 987.37,-239.13,-78.1 66
33859 1003.6,-222.68,-78.1 66
33904 1018.83,-205.79,-78.1 66
33952 1034.0,-188.19,-78.1 66
34002 1049.1,-170.53,-78.1 66
34051 1064.24,-152.91,-78.1 66
34102 1079.29,-135.85,-78.1 66
34152 1090.49,-123.48,-78.1 66
34202 1092.87,-120.2,-78.1 66
34250 1089.52,-122.34,-78.1 66
34300 1081.89,-128.37,-78.1 66
34348 1070.31,-137.95,-78.1 66
34399 1054.8,-151.35,-78.1 66
34448 1037.63,-167.0,-78.1 66
34499 1013.66,-191.55,-78.1 66
34547 1005.45,-212.47,-78.1 66
34596 1009.98,-234.64,-78.1 66
34646 1021.49,-254.23,-78.1 66
34696 1036.62,-271.84,-78.1 66
34745 1052.92,-287.7,-78.1 66
34811 1070.28,-303.13,-78.1 66
34844 1088.05,-318.11,-78.1 66
34900 1105.69,-332.47,-78.1 66
34946 1124.04,-346.72,-78.1 66
34999 1142.27,-360.32,-78.1 66
35046 1161.01,-374.05,-71.12 66
35093 1179.43,-387.39,-68.04 66
35143 1198.28,-400.98,-73.4 66
35197 1216.74,-414.27,-73.4 66
35244 1235.22,-427.54,-68.65 66
35294 1254.1,-441.07,-70.67 66
35345 1282.26,-460.76,-76.13 66
35394 1301.33,-473.17,-78.1 66
35445 1321.31,-485.03,-78.1 66
35492 1341.13,-496.18,-78.1 66
35540 1361.54,-507.28,-78.1 66
35594 1381.6,-518.0,-78.1 66
35643 1402.13,-528.87,-78.1 66
35691 1422.26,-539.48,-78.1 66
35745 1442.37,-550.12,-78.1 66
35790 1462.86,-561.06,-78.1 66
35840 1482.76,-572.08,-78.1 66
35889 1502.55,-584.25,-78.1 66
35939 1523.58,-593.77,-78.1 66
35989 1557.33,-600.15,-78.1 66
36039 1580.36,-603.21,-78.1 66
36086 1602.95,-605.94,-78.1 66
36140 1626.01,-608.76,-78.1 66
36184 1649.04,-611.77,-78.1 66
36229 1671.59,-614.81,-77.15 66
36283 1694.6,-617.95,-79.1 66
36335 1717.15,-621.0,-79.1 66
36382 1739.03,-628.17,-79.1 66
36437 1757.8,-641.82,-79.1 66
36487 1777.64,-661.66,-79.1 66
36533 1792.94,-679.14,-79.1 66
36582 1807.7,-697.08,-79.1 66
36632 1822.08,-715.33,-79.1 66
36681 1836.21,-733.77,-79.1 66
36732 1850.23,-752.29,-79.1 66
36782 1863.84,-770.52,-79.1 66
36838 1880.29,-785.96,-79.1 66
36884 1900.87,-796.72,-79.1 66
36938 1926.76,-819.93,-79.1 66
36976 1940.37,-838.13,-79.1 66
37027 1950.89,-858.83,-79.1 66
37077 1964.68,-876.9,-79.1 66
37131 1980.82,-893.6,-79.1 91
37179 1997.23,-908.65,-79.1 91
37233 2014.5,-923.46,-79.1 91
37282 2037.9,-943.0,-79.1 91
37323 2037.9,-943.0,-79.1 91
37379 2065.84,-966.93,-79.1 91
37428 2091.87,-991.47,-79.1 91
37476 2101.25,-1012.12,-79.1 91
37525 2105.83,-1034.38,-79.1 91
37573 2107.86,-1057.52,-79.1 91
37623 2108.5,-1080.26,-79.1 91
37668 2115.5,-1102.34,-79.1 91
37727 2126.95,-1121.98,-79.1 91
37771 2140.55,-1140.81,-79.1 91
37826 2142.39,-1160.16,-79.1 91
37874 2133.93,-1180.05,-79.1 91
37917 2119.53,-1198.11,-79.1 91
37974 2087.4,-1209.4,-79.1 91
38022 2064.74,-1209.92,-79.1 91
38073 2043.68,-1200.32,-79.1 91
38117 2025.4,-1186.01,-79.1 91
38167 2008.16,-1170.44,-79.1 91
38224 1991.23,-1155.24,-79.1 91
38265 1974.52,-1139.84,-79.1 91
38315 1970.64,-1119.84,-79.1 91
38369 1975.4,-1097.93,-79.1 91
38415 1985.43,-1077.0,-79.1 91
38466 1998.33,-1058.27,-79.1 91
38521 2026.88,-1039.53,-79.1 91
38566 2049.67,-1035.14,-79.1 91
38614 2072.39,-1034.56,-79.1 91
38665 2095.45,-1037.29,-79.1 91
38709 2117.71,-1041.97,-79.1 91
38765 2140.16,-1047.96,-71.71 91
38810 2159.4,-1052.13,-65.3 91
38868 2159.26,-1049.94,-65.22 91
38916 2158.22,-1044.59,-66.08 82
38966 2156.31,-1037.36,-69.57 82
39023 2148.14,-1020.23,-69.05 73
39091 2136.48,-1004.41,-72.94 73
39122 2121.25,-987.53,-79.1 73
39186 2103.93,-972.05,-79.1 73
39220 2086.01,-958.85,-79.1 73
39274 2067.31,-947.7,-79.1 73
39323 2046.44,-937.49,-79.1 73
39371 2025.07,-928.39,-79.1 73
39425 2007.01,-914.64,-79.1 73
39466 1981.79,-889.24,-81.37 64
39515 1968.13,-871.63,-82.04 64
39563 1962.43,-849.2,-79.15 64
39616 1963.05,-826.01,-79.15 64
39669 1964.73,-801.9,-80.05 55
39719 1967.03,-777.85,-83.6 55
39765 1971.26,-755.25,-79.15 46
39811 1984.87,-736.57,-79.15 46
39870 2003.0,-722.88,-79.15 46
39911 2023.36,-711.71,-79.15 46
39967 2044.7,-702.55,-79.15 46
40013 2066.4,-695.75,-79.15 46
40074 2097.03,-689.87,-79.15 46
40115 2105.0,-688.39,-79.15 46
40164 2103.05,-687.48,-79.15 46
40211 2095.33,-686.42,-79.15 46
40263 2082.32,-684.51,-79.15 46
40312 2066.97,-681.03,-80.05 37
40356 2050.05,-677.24,-83.5 37
40405 2031.51,-669.18,-79.15 37
40455 2012.6,-656.5,-80.05 28
40503 1993.72,-643.02,-83.5 28
40558 1976.47,-627.26,-79.15 19
40604 1961.25,-610.35,-79.15 19
40651 1950.93,-592.05,-79.15 19
40705 1954.57,-572.76,-79.15 19
40753 1966.07,-553.66,-79.15 19
40808 1985.5,-541.18,-79.15 19
40856 2019.2,-535.26,-79.15 19
40909 2042.38,-536.48,-79.15 19
40954 2065.23,-540.63,-79.15 19
41009 2087.17,-546.64,-79.15 19
41053 2109.21,-553.97,-79.15 19
41107 2130.42,-562.18,-77.0 19
41155 2151.58,-571.79,-68.24 19
41204 2159.94,-582.76,-65.56 19
41247 2159.8,-589.22,-65.5 19
41296 2154.34,-589.36,-67.35 19
41348 2144.47,-585.79,-70.51 19
41397 2120.12,-574.9,-79.1 19
41446 2103.38,-559.77,-79.1 19
41498 2090.1,-541.31,-79.1 19
41547 2078.54,-521.17,-79.1 19
41599 2068.22,-500.89,-79.1 19
41646 2058.34,-479.87,-79.1 19
41700 2049.43,-458.42,-79.1 19
41753 2041.73,-437.01,-79.1 19
41804 2034.22,-415.03,-79.1 19
41844 2026.98,-393.46,-79.1 19
41919 2015.8,-360.46,-79.1 19
